,0,1,2,3,4,5,6,7,8,9,10,11,12,13,14,15,16,17,18,19,20,21,22,23,24,25,26,27,28,29,30,31,32,33,34,35,36,37,38,39,40,41,42,43,44,45,46,47,48,49
0,1.0000001,0.181888,0.12209875,0.14709732,0.15550813,0.05355776,0.061678663,0.21442233,0.06811674,0.021890886,0.035631023,0.07882088,0.1020225,0.080860674,0.10278016,0.03179855,0.03348809,0.12955628,0.064784564,0.10888722,0.036004007,0.03778808,0.031004546,0.09534932,0.08774502,0.025317729,0.015343924,0.12356876,0.109748,0.04696146,0.17419603,0.08289909,0.04702954,0.15870254,0.15933304,0.03554124,-0.011612576,-0.01367313,0.11743501,0.047600042,0.037035115,0.06312575,0.05378247,0.14173034,0.025005069,0.05778456,0.04178802,0.04305609,0.09046532,0.016701054
1,0.181888,0.99999994,0.07809525,0.006034361,0.0023281109,-0.0065899366,-0.009835533,-0.01138657,-0.031013789,0.02814189,0.03533698,0.0130535215,0.016208936,0.025916718,0.047253817,0.029018953,0.06134888,0.023656525,0.05110527,0.11705331,0.041418478,0.05948286,0.0048546097,0.033710748,0.008829658,0.07233582,0.08243732,-0.0037464497,0.04646068,0.022365917,-0.008136426,0.019566398,0.049180947,-0.0080510955,0.0026043365,0.037372697,-0.04156497,-0.013481146,0.05127024,0.10908914,0.06684939,0.05342778,0.1329394,0.049670108,0.04186207,0.056691416,0.103341125,0.018427286,0.048889913,0.12148897
2,0.12209875,0.07809525,0.9999999,0.06784895,0.072667845,0.055593632,0.052037086,0.13809595,0.027683543,0.07342179,0.035994835,0.07021068,0.038709793,0.1295347,0.06824218,0.011718161,-0.027368536,0.06631364,0.05917584,0.08231934,-0.0268452,0.01282442,0.058995947,0.15007977,0.11148828,0.06139303,0.03393586,0.13116036,0.16110644,0.117797986,0.10150336,0.032656662,-0.001830636,0.08536533,0.10618454,-0.0075808736,0.07050279,0.045432914,0.1020469,0.048611596,0.06607811,0.034063328,0.017593473,0.08217194,0.05032116,0.07006209,0.04727205,0.042647704,0.035686877,0.028912812
3,0.14709732,0.006034361,0.06784895,0.9999999,0.39713648,0.27679527,0.17028111,0.41565934,0.34738228,0.3721127,0.29779768,0.3362849,0.3260331,0.29675308,0.23910587,0.123310335,0.09733336,0.18215643,0.35167804,0.059199315,0.31239584,0.0988186,0.11623896,0.1259379,0.10946284,-0.01928828,0.010867759,0.16997708,0.32251313,0.11162262,0.41878667,0.37616283,0.35687625,0.4159811,0.3809589,0.31992933,0.11033322,0.041065257,0.2801132,0.118739985,0.10697866,0.13490482,0.11147578,0.13887432,0.023760434,0.07200724,0.11614899,0.21731146,0.12453804,0.064755246
4,0.15550813,0.0023281109,0.072667845,0.39713648,0.99999994,0.41625506,0.113464,0.43244544,0.4027042,0.33565554,0.38111305,0.67544156,0.64532095,0.30069584,0.582753,0.14448759,0.071411,0.12879445,0.10974929,0.043438163,0.13553792,0.07671644,0.116984904,0.09573752,0.12273262,0.022432087,-0.0011875886,0.18560575,0.3439431,0.04105336,0.5814879,0.4978766,0.41878858,0.4180512,0.7349,0.32363456,0.12694451,0.03411449,0.16874906,0.14582317,0.121293925,0.20435135,0.19076613,0.17875965,0.069877826,0.11939117,0.15399626,0.11932134,0.14229606,0.11880018
5,0.05355776,-0.0065899366,0.055593632,0.27679527,0.41625506,1.0000001,0.21122178,0.10003078,0.13830611,0.118025795,0.11876085,0.3064984,0.32481048,0.23755893,0.3944582,0.1469936,0.07708808,0.13339052,0.3819541,0.05215325,0.32882088,0.08822404,0.4342432,0.14281632,0.11050472,0.021345595,0.036369607,0.12277561,0.09531853,0.14601563,0.12239435,0.08361263,0.07848388,0.11358401,0.36946014,0.05002664,0.1041146,0.036495034,0.12913421,0.092013724,0.047193967,0.08372015,0.14382175,0.11285698,0.02014263,0.07289316,0.098107725,0.18254526,0.102602504,0.07642775
6,0.061678663,-0.009835533,0.052037086,0.17028111,0.113464,0.21122178,0.99999994,0.19830981,0.41897622,0.17128351,0.09128912,0.08317158,0.16550133,0.16882432,0.08707326,0.1960083,0.11779485,0.15954658,0.2268538,0.11161141,0.26208958,0.13678911,0.18088855,0.0802051,0.07912274,0.048964508,0.024009544,0.0845227,0.078449026,0.012909636,0.069336504,0.0906905,0.023305312,0.09243412,0.08535131,0.011569042,0.03258347,0.08453758,0.09293259,0.060360644,0.0507945,0.074791364,0.07501037,0.05695351,0.028299144,0.053010624,0.092219815,0.08402669,0.10960311,0.098417744
7,0.21442233,-0.01138657,0.13809595,0.41565934,0.43244544,0.10003078,0.19830981,0.99999994,0.524612,0.27921122,0.24558264,0.3103475,0.31527486,0.28220642,0.21974379,0.092874944,0.078307435,0.13112107,0.115123704,0.050688554,0.09685214,0.055912476,0.08064155,0.13181949,0.13641603,0.02083123,-0.008006396,0.13931671,0.25197038,0.15299764,0.415101,0.31640556,0.2724798,0.4546157,0.36805493,0.23383968,0.10605486,0.12313625,0.22254421,0.1268516,0.12652239,0.13228516,0.116867326,0.19467802,0.059037298,0.07379936,0.14243688,0.11550182,0.09107648,0.050130814
8,0.06811674,-0.031013789,0.027683543,0.34738228,0.4027042,0.13830611,0.41897622,0.524612,0.9999999,0.36454228,0.30216017,0.37563914,0.3551793,0.2970229,0.254526,0.12970082,0.12627745,0.09592379,0.16080877,0.07369115,0.17083004,0.104730316,0.11800262,0.121545896,0.09115315,0.05554577,0.03680024,0.09548469,0.24333394,0.08510111,0.40017897,0.42453378,0.37761822,0.40533227,0.3438674,0.31583384,0.059715975,0.09043144,0.053709902,0.085468136,0.062390912,0.08443214,0.085282035,0.030461365,0.005444422,0.052010898,0.09209752,0.11806438,0.12016604,0.08996231
9,0.021890886,0.02814189,0.07342179,0.3721127,0.33565554,0.118025795,0.17128351,0.27921122,0.36454228,1.0,0.35517094,0.4472287,0.5611183,0.61696357,0.29689685,0.118229344,0.091206856,0.20395952,0.23700754,0.042574883,0.102375954,0.08101252,0.1654031,0.12967853,0.073964246,0.0466025,0.035678342,0.11797223,0.32182407,0.022942107,0.35536194,0.41411793,0.39378166,0.2897255,0.33920538,0.33871433,0.083530985,0.06105154,0.23083393,0.07734677,0.05079014,0.052157946,0.086636804,0.020497385,0.040346093,0.081723094,0.08705921,0.1884499,0.15031606,0.07644525
10,0.035631023,0.03533698,0.035994835,0.29779768,0.38111305,0.11876085,0.09128912,0.24558264,0.30216017,0.35517094,1.0000001,0.36414444,0.35936993,0.41662276,0.5201289,0.0964705,0.064224206,0.053180404,0.251154,0.14725211,0.09087637,0.069278084,0.10244551,0.15312868,0.027905148,0.06761464,0.0656911,0.14173959,0.31763333,0.07142575,0.3401608,0.3670896,0.31557655,0.27109787,0.339718,0.2799804,0.09604143,0.009898435,0.10194224,0.21634242,0.080140285,0.12755617,0.18368661,0.057992045,0.100108296,0.07761491,0.043686163,0.13931951,0.14062713,0.1242432
11,0.07882088,0.0130535215,0.07021068,0.3362849,0.67544156,0.3064984,0.08317158,0.3103475,0.37563914,0.4472287,0.36414444,0.9999998,0.71151644,0.351132,0.5287296,0.09105595,0.06382721,0.045344353,0.085100845,0.006764631,0.07259804,0.05919325,0.09037258,0.13550746,0.15246665,0.028182678,0.014532404,0.15746838,0.31428763,0.03230087,0.4536293,0.46580812,0.4182009,0.3555102,0.63173765,0.31203455,0.11249762,0.085788965,0.11539965,0.15046708,0.1452518,0.16999902,0.17065704,0.09907875,0.06762134,0.14773077,0.12964003,0.13428283,0.19483218,0.13701461
12,0.1020225,0.016208936,0.038709793,0.3260331,0.64532095,0.32481048,0.16550133,0.31527486,0.3551793,0.5611183,0.35936993,0.71151644,1.0000004,0.46068782,0.57408994,0.130498,0.09898654,0.13431744,0.15933172,0.09313047,0.11343222,0.13551037,0.11629472,0.16377783,0.14783941,0.07400128,0.035319768,0.18155026,0.3378911,0.09143849,0.38935646,0.43129912,0.39583993,0.31963164,0.5850579,0.33455265,0.09322883,0.036369544,0.30375072,0.31555632,0.34729773,0.20201693,0.20843095,0.28044876,0.1154217,0.40243247,0.37138134,0.15762801,0.19569428,0.111905985
13,0.080860674,0.025916718,0.1295347,0.29675308,0.30069584,0.23755893,0.16882432,0.28220642,0.2970229,0.61696357,0.41662276,0.351132,0.46068782,1.0,0.34310147,0.06228252,0.048022002,0.19468632,0.35377672,0.1154192,0.05632651,0.040429227,0.12824959,0.10469772,0.07283157,0.02923417,0.0333347,0.16005005,0.34927946,0.051493697,0.311418,0.31221282,0.28598452,0.2662979,0.30915055,0.21365383,0.12336342,0.06774134,0.3277536,0.079581946,0.058371913,0.08505445,0.07671024,0.26703382,0.05496355,0.08263829,0.09401094,0.14993274,0.14640503,0.06618631
14,0.10278016,0.047253817,0.06824218,0.23910587,0.582753,0.3944582,0.08707326,0.21974379,0.254526,0.29689685,0.5201289,0.5287296,0.57408994,0.34310147,0.9999998,0.08432165,0.11752773,0.16204838,0.15365107,0.0967788,0.057689406,0.11896515,0.112469696,0.21266074,0.118517056,0.09945481,0.04810206,0.28628746,0.39196217,0.19894764,0.33476847,0.29986683,0.34310174,0.29329005,0.52842695,0.26652974,0.105828464,0.015342349,0.18101905,0.21859203,0.109791614,0.15706722,0.2583329,0.22358087,0.11981512,0.13366735,0.121129885,0.13886045,0.18390363,0.12366463
15,0.03179855,0.029018953,0.011718161,0.123310335,0.14448759,0.1469936,0.1960083,0.092874944,0.12970082,0.118229344,0.0964705,0.09105595,0.130498,0.06228252,0.08432165,1.0000001,0.73975945,0.29098058,0.33198702,0.33607158,0.7940403,0.72851706,0.856477,0.081445485,0.047205977,0.05654268,0.050480638,0.13234097,0.0611343,0.026078641,0.074009724,0.1342457,0.099446885,0.077316456,0.07310135,0.12102899,0.10957483,0.034136835,0.08820441,0.1710424,0.16428007,0.25645623,0.14534862,0.08160277,0.2695498,0.1885083,0.15647464,0.091862865,0.041692093,0.035137817
16,0.03348809,0.06134888,-0.027368536,0.09733336,0.071411,0.07708808,0.11779485,0.078307435,0.12627745,0.091206856,0.064224206,0.06382721,0.09898654,0.048022002,0.11752773,0.73975945,0.9999997,0.30131942,0.26679426,0.29755032,0.70817643,0.8753008,0.6224869,0.08558611,0.025263065,0.047081776,0.049064662,0.11269237,0.08255009,0.047195125,0.11730098,0.097451836,0.32723254,0.10865565,0.103616916,0.08827451,0.11375629,0.04030973,0.13101162,0.1572032,0.16307557,0.26847976,0.124484755,0.13757601,0.25413322,0.1657182,0.1424294,0.06900804,0.036729213,0.055107705
17,0.12955628,0.023656525,0.06631364,0.18215643,0.12879445,0.13339052,0.15954658,0.13112107,0.09592379,0.20395952,0.053180404,0.045344353,0.13431744,0.19468632,0.16204838,0.29098058,0.30131942,1.0000001,0.46960846,0.65172637,0.29140085,0.47186196,0.30017513,0.13478598,0.09124866,0.045049954,0.09970759,0.22947104,0.15895604,0.12449862,0.15363742,0.014885457,0.04905626,0.11951385,0.18856697,0.096148424,0.18291943,0.066666,0.44131944,0.24577574,0.2314487,0.3237067,0.20167646,0.31604856,0.26152202,0.23588318,0.2070864,0.15365721,0.098395266,0.06219008
18,0.064784564,0.05110527,0.05917584,0.35167804,0.10974929,0.3819541,0.2268538,0.115123704,0.16080877,0.23700754,0.251154,0.085100845,0.15933172,0.35377672,0.15365107,0.33198702,0.26679426,0.46960846,0.99999976,0.46182084,0.4457423,0.40919894,0.3550728,0.14338398,0.101099744,0.047356416,0.09881212,0.17649542,0.120314896,0.15042706,0.08647213,0.09043152,0.042101696,0.103168406,0.11766993,0.077984855,0.11667024,0.066361435,0.35312495,0.21344018,0.18685336,0.2291263,0.18791218,0.20293643,0.21161497,0.23960917,0.18883738,0.10799874,0.18444607,0.070334814
19,0.10888722,0.11705331,0.08231934,0.059199315,0.043438163,0.05215325,0.11161141,0.050688554,0.07369115,0.042574883,0.14725211,0.006764631,0.09313047,0.1154192,0.0967788,0.33607158,0.29755032,0.65172637,0.46182084,1.0,0.31634393,0.50690687,0.29513744,0.13685253,0.08680345,0.11789074,0.15866788,0.15807444,0.104494855,0.14259785,0.06966804,0.029080635,0.02153597,0.053717077,0.08845154,0.090821706,0.14417133,0.038690433,0.19938266,0.29260388,0.28028026,0.35100415,0.23030631,0.22433239,0.3385224,0.30339244,0.2393102,0.050255734,0.074756205,0.04780748
20,0.036004007,0.041418478,-0.0268452,0.31239584,0.13553792,0.32882088,0.26208958,0.09685214,0.17083004,0.102375954,0.09087637,0.07259804,0.11343222,0.05632651,0.057689406,0.7940403,0.70817643,0.29140085,0.4457423,0.31634393,1.0000001,0.7013044,0.6724791,0.060218826,0.0374845,0.02520187,0.07269558,0.12569767,0.04263943,0.016522933,0.1072977,0.14077802,0.11414327,0.08977436,0.080716304,0.1268278,0.1049657,0.04528768,0.080709405,0.15769108,0.15470712,0.2319201,0.13172284,0.08274848,0.2253824,0.17874536,0.16212218,0.09565247,0.05444356,0.05706084
21,0.03778808,0.05948286,0.01282442,0.0988186,0.07671644,0.08822404,0.13678911,0.055912476,0.104730316,0.08101252,0.069278084,0.05919325,0.13551037,0.040429227,0.11896515,0.72851706,0.8753008,0.47186196,0.40919894,0.50690687,0.7013044,1.0,0.6277306,0.12902689,0.0569621,0.061717145,0.09478012,0.16252226,0.08459826,0.08496261,0.10628577,0.08061798,0.19573954,0.11637586,0.10247351,0.107924916,0.11460321,0.06558951,0.15657413,0.23704344,0.23373732,0.37741226,0.18619025,0.17173254,0.3338279,0.25812665,0.21354766,0.09355882,0.06417675,0.061300907
22,0.031004546,0.0048546097,0.058995947,0.11623896,0.116984904,0.4342432,0.18088855,0.08064155,0.11800262,0.1654031,0.10244551,0.09037258,0.11629472,0.12824959,0.112469696,0.856477,0.6224869,0.30017513,0.3550728,0.29513744,0.6724791,0.6277306,0.9999999,0.1263663,0.058941055,0.036990818,0.05260018,0.13885467,0.08237282,0.07299266,0.05393596,0.11663189,0.078953825,0.071711905,0.10246815,0.08456579,0.12443048,0.04109484,0.13086961,0.16933163,0.14811718,0.23738772,0.13985814,0.07339457,0.23850435,0.16561475,0.1399738,0.18137747,0.050210334,0.03280949
23,0.09534932,0.033710748,0.15007977,0.1259379,0.09573752,0.14281632,0.0802051,0.13181949,0.121545896,0.12967853,0.15312868,0.13550746,0.16377783,0.10469772,0.21266074,0.081445485,0.08558611,0.13478598,0.14338398,0.13685253,0.060218826,0.12902689,0.1263663,1.0000001,0.61360294,0.5838301,0.28959092,0.46149296,0.45218593,0.48779815,0.11434865,0.035732858,0.09338597,0.14376307,0.13029206,0.12216712,0.10281551,0.06798779,0.11024061,0.16967146,0.09186767,0.0985041,0.17926887,0.09897633,0.094378725,0.091120966,0.10698951,0.24361412,0.124877684,0.049808998
24,0.08774502,0.008829658,0.11148828,0.10946284,0.12273262,0.11050472,0.07912274,0.13641603,0.09115315,0.073964246,0.027905148,0.15246665,0.14783941,0.07283157,0.118517056,0.047205977,0.025263065,0.09124866,0.101099744,0.08680345,0.0374845,0.0569621,0.058941055,0.61360294,1.0000001,0.35114542,0.051163416,0.37491116,0.24893871,0.2976034,0.08802474,0.06495345,0.06376752,0.10844256,0.13426736,0.08946433,0.04954126,0.09534661,0.112647414,0.12978762,0.123739146,0.15789753,0.14893623,0.11529068,0.01641811,0.08180158,0.14764474,0.079769716,0.099784456,0.016832137
25,0.025317729,0.07233582,0.06139303,-0.01928828,0.022432087,0.021345595,0.048964508,0.02083123,0.05554577,0.0466025,0.06761464,0.028182678,0.07400128,0.02923417,0.09945481,0.05654268,0.047081776,0.045049954,0.047356416,0.11789074,0.02520187,0.061717145,0.036990818,0.5838301,0.35114542,1.0000002,0.5400423,0.19458885,0.5909499,0.44122615,-0.0044770357,-0.04727181,0.0064877095,0.021781325,-0.00048792642,0.049930748,-0.00054472405,-0.00039120205,0.03749261,0.112108886,0.075271174,0.016767064,0.07745699,0.05108892,-0.0067611,0.043302726,0.0833973,0.08815797,0.11565984,0.044622358
26,0.015343924,0.08243732,0.03393586,0.010867759,-0.0011875886,0.036369607,0.024009544,-0.008006396,0.03680024,0.035678342,0.0656911,0.014532404,0.035319768,0.0333347,0.04810206,0.050480638,0.049064662,0.09970759,0.09881212,0.15866788,0.07269558,0.09478012,0.05260018,0.28959092,0.051163416,0.5400423,0.9999999,0.09997556,0.3309237,0.14862849,0.012407798,-0.017108392,0.014077907,0.03285054,0.011592185,0.024691228,0.019850343,0.011743659,0.04607764,0.12898003,0.06738157,0.040643312,0.0811086,0.04554008,0.0612597,0.056486707,0.05292795,0.08213208,0.042491212,0.06678831
27,0.12356876,-0.0037464497,0.13116036,0.16997708,0.18560575,0.12277561,0.0845227,0.13931671,0.09548469,0.11797223,0.14173959,0.15746838,0.18155026,0.16005005,0.28628746,0.13234097,0.11269237,0.22947104,0.17649542,0.15807444,0.12569767,0.16252226,0.13885467,0.46149296,0.37491116,0.19458885,0.09997556,0.99999994,0.37503752,0.23021504,0.17253342,0.10059571,0.10777001,0.10142653,0.17791821,0.13839917,0.1017071,0.04096142,0.17640251,0.1952228,0.104689725,0.14648174,0.22675586,0.15345286,0.11641687,0.08466986,0.12753505,0.18509296,0.15315007,0.06299015
28,0.109748,0.04646068,0.16110644,0.32251313,0.3439431,0.09531853,0.078449026,0.25197038,0.24333394,0.32182407,0.31763333,0.31428763,0.3378911,0.34927946,0.39196217,0.0611343,0.08255009,0.15895604,0.120314896,0.104494855,0.04263943,0.08459826,0.08237282,0.45218593,0.24893871,0.5909499,0.3309237,0.37503752,1.0000002,0.28941292,0.32479748,0.28341714,0.3396351,0.24134545,0.2927413,0.26931527,0.097934365,0.028729495,0.24533895,0.1991708,0.09623939,0.085274525,0.18973596,0.1844147,0.136927,0.098836236,0.11087754,0.23073196,0.15590096,0.1038415
29,0.04696146,0.022365917,0.117797986,0.11162262,0.04105336,0.14601563,0.012909636,0.15299764,0.08510111,0.022942107,0.07142575,0.03230087,0.09143849,0.051493697,0.19894764,0.026078641,0.047195125,0.12449862,0.15042706,0.14259785,0.016522933,0.08496261,0.07299266,0.48779815,0.2976034,0.44122615,0.14862849,0.23021504,0.28941292,1.0000002,0.06074906,-0.03069662,0.0424515,0.11159635,0.07268056,0.10605591,0.054201383,0.026855528,0.11378784,0.13630052,0.10287285,0.09536784,0.11125843,0.11818564,0.11353365,0.102978915,0.086427815,0.18121292,0.318702,0.05879703
30,0.17419603,-0.008136426,0.10150336,0.41878667,0.5814879,0.12239435,0.069336504,0.415101,0.40017897,0.35536194,0.3401608,0.4536293,0.38935646,0.311418,0.33476847,0.074009724,0.11730098,0.15363742,0.08647213,0.06966804,0.1072977,0.10628577,0.05393596,0.11434865,0.08802474,-0.0044770357,0.012407798,0.17253342,0.32479748,0.06074906,0.9999999,0.48494738,0.49965426,0.6315712,0.8084304,0.39428902,0.33516437,0.07833416,0.17193936,0.15143849,0.12211447,0.20693092,0.14144969,0.19007027,0.08314617,0.07343392,0.107196026,0.11589372,0.09044172,0.09963865
31,0.08289909,0.019566398,0.032656662,0.37616283,0.4978766,0.08361263,0.0906905,0.31640556,0.42453378,0.41411793,0.3670896,0.46580812,0.43129912,0.31221282,0.29986683,0.1342457,0.097451836,0.014885457,0.09043152,0.029080635,0.14077802,0.08061798,0.11663189,0.035732858,0.06495345,-0.04727181,-0.017108392,0.10059571,0.28341714,-0.03069662,0.48494738,1.0,0.48004714,0.37522414,0.42904824,0.3841312,0.1376493,0.087861106,0.08124415,0.13520943,0.11394593,0.14362288,0.13132598,0.080697134,0.055076186,0.099617854,0.11535808,0.086791106,0.085214406,0.09421738
32,0.04702954,0.049180947,-0.001830636,0.35687625,0.41878858,0.07848388,0.023305312,0.2724798,0.37761822,0.39378166,0.31557655,0.4182009,0.39583993,0.28598452,0.34310174,0.099446885,0.32723254,0.04905626,0.042101696,0.02153597,0.11414327,0.19573954,0.078953825,0.09338597,0.06376752,0.0064877095,0.014077907,0.10777001,0.3396351,0.0424515,0.49965426,0.48004714,0.9999999,0.39217752,0.41464198,0.5682975,0.12752748,0.022609651,0.113778554,0.11167239,0.10403246,0.13921651,0.12321432,0.13362917,0.07738429,0.096635915,0.11012199,0.08390409,0.077203035,0.09482844
33,0.15870254,-0.0080510955,0.08536533,0.4159811,0.4180512,0.11358401,0.09243412,0.4546157,0.40533227,0.2897255,0.27109787,0.3555102,0.31963164,0.2662979,0.29329005,0.077316456,0.10865565,0.11951385,0.103168406,0.053717077,0.08977436,0.11637586,0.071711905,0.14376307,0.10844256,0.021781325,0.03285054,0.10142653,0.24134545,0.11159635,0.6315712,0.37522414,0.39217752,0.9999998,0.56054044,0.3515139,0.20935406,0.043362025,0.12349505,0.14787307,0.10700432,0.19088705,0.14425254,0.1206093,0.04927388,0.061528478,0.10759874,0.08069144,0.09192227,0.045608915
34,0.15933304,0.0026043365,0.10618454,0.3809589,0.7349,0.36946014,0.08535131,0.36805493,0.3438674,0.33920538,0.339718,0.63173765,0.5850579,0.30915055,0.52842695,0.07310135,0.103616916,0.18856697,0.11766993,0.08845154,0.080716304,0.10247351,0.10246815,0.13029206,0.13426736,-0.00048792642,0.011592185,0.17791821,0.2927413,0.07268056,0.8084304,0.42904824,0.41464198,0.56054044,0.99999976,0.31947386,0.29858133,0.0793305,0.20065422,0.16690296,0.13608627,0.23376484,0.19008389,0.164488,0.08327247,0.106538124,0.13047671,0.15927126,0.14038287,0.12808076
35,0.03554124,0.037372697,-0.0075808736,0.31992933,0.32363456,0.05002664,0.011569042,0.23383968,0.31583384,0.33871433,0.2799804,0.31203455,0.33455265,0.21365383,0.26652974,0.12102899,0.08827451,0.096148424,0.077984855,0.090821706,0.1268278,0.107924916,0.08456579,0.12216712,0.08946433,0.049930748,0.024691228,0.13839917,0.26931527,0.10605591,0.39428902,0.3841312,0.5682975,0.3515139,0.31947386,1.0000001,0.1142141,-0.016357087,0.050393924,0.13794665,0.10032292,0.12717721,0.14886889,0.08255154,0.068085246,0.1123625,0.11817133,0.09326878,0.04675564,0.047111273
36,-0.011612576,-0.04156497,0.07050279,0.11033322,0.12694451,0.1041146,0.03258347,0.10605486,0.059715975,0.083530985,0.09604143,0.11249762,0.09322883,0.12336342,0.105828464,0.10957483,0.11375629,0.18291943,0.11667024,0.14417133,0.1049657,0.11460321,0.12443048,0.10281551,0.04954126,-0.00054472405,0.019850343,0.1017071,0.097934365,0.054201383,0.33516437,0.1376493,0.12752748,0.20935406,0.29858133,0.1142141,0.9999998,0.3530119,0.13456558,0.10010276,0.09782898,0.10220022,0.062435377,0.12040264,0.07072326,0.007498585,0.053563625,0.08232603,0.041864112,0.05577876
37,-0.01367313,-0.013481146,0.045432914,0.041065257,0.03411449,0.036495034,0.08453758,0.12313625,0.09043144,0.06105154,0.009898435,0.085788965,0.036369544,0.06774134,0.015342349,0.034136835,0.04030973,0.066666,0.066361435,0.038690433,0.04528768,0.06558951,0.04109484,0.06798779,0.09534661,-0.00039120205,0.011743659,0.04096142,0.028729495,0.026855528,0.07833416,0.087861106,0.022609651,0.043362025,0.0793305,-0.016357087,0.3530119,0.9999999,0.038405947,0.034707587,-0.016036415,0.061584,0.055253305,0.05388198,0.0070343027,-0.02081727,0.008726465,0.051581617,0.076986335,0.06020287
38,0.11743501,0.05127024,0.1020469,0.2801132,0.16874906,0.12913421,0.09293259,0.22254421,0.053709902,0.23083393,0.10194224,0.11539965,0.30375072,0.3277536,0.18101905,0.08820441,0.13101162,0.44131944,0.35312495,0.19938266,0.080709405,0.15657413,0.13086961,0.11024061,0.112647414,0.03749261,0.04607764,0.17640251,0.24533895,0.11378784,0.17193936,0.08124415,0.113778554,0.12349505,0.20065422,0.050393924,0.13456558,0.038405947,1.0,0.5318803,0.66045576,0.3288816,0.29561177,0.80905807,0.2945251,0.57057416,0.55486095,0.14849746,0.07911696,0.025004974
39,0.047600042,0.10908914,0.048611596,0.118739985,0.14582317,0.092013724,0.060360644,0.1268516,0.085468136,0.07734677,0.21634242,0.15046708,0.31555632,0.079581946,0.21859203,0.1710424,0.1572032,0.24577574,0.21344018,0.29260388,0.15769108,0.23704344,0.16933163,0.16967146,0.12978762,0.112108886,0.12898003,0.1952228,0.1991708,0.13630052,0.15143849,0.13520943,0.11167239,0.14787307,0.16690296,0.13794665,0.10010276,0.034707587,0.5318803,1.0000004,0.80554146,0.44668236,0.67954195,0.54887915,0.43567848,0.6431608,0.61709684,0.1542027,0.13159548,0.08305225
40,0.037035115,0.06684939,0.06607811,0.10697866,0.121293925,0.047193967,0.0507945,0.12652239,0.062390912,0.05079014,0.080140285,0.1452518,0.34729773,0.058371913,0.109791614,0.16428007,0.16307557,0.2314487,0.18685336,0.28028026,0.15470712,0.23373732,0.14811718,0.09186767,0.123739146,0.075271174,0.06738157,0.104689725,0.09623939,0.10287285,0.12211447,0.11394593,0.10403246,0.10700432,0.13608627,0.10032292,0.09782898,-0.016036415,0.66045576,0.80554146,0.9999999,0.4497267,0.41152513,0.67714113,0.41625297,0.7804281,0.754173,0.050861184,0.05033709,0.00915233
41,0.06312575,0.05342778,0.034063328,0.13490482,0.20435135,0.08372015,0.074791364,0.13228516,0.08443214,0.052157946,0.12755617,0.16999902,0.20201693,0.08505445,0.15706722,0.25645623,0.26847976,0.3237067,0.2291263,0.35100415,0.2319201,0.37741226,0.23738772,0.0985041,0.15789753,0.016767064,0.040643312,0.14648174,0.085274525,0.09536784,0.20693092,0.14362288,0.13921651,0.19088705,0.23376484,0.12717721,0.10220022,0.061584,0.3288816,0.44668236,0.4497267,1.0000001,0.43283576,0.36238897,0.45931923,0.46248996,0.3940785,0.08259634,0.16279674,0.092361376
42,0.05378247,0.1329394,0.017593473,0.11147578,0.19076613,0.14382175,0.07501037,0.116867326,0.085282035,0.086636804,0.18368661,0.17065704,0.20843095,0.07671024,0.2583329,0.14534862,0.124484755,0.20167646,0.18791218,0.23030631,0.13172284,0.18619025,0.13985814,0.17926887,0.14893623,0.07745699,0.0811086,0.22675586,0.18973596,0.11125843,0.14144969,0.13132598,0.12321432,0.14425254,0.19008389,0.14886889,0.062435377,0.055253305,0.29561177,0.67954195,0.41152513,0.43283576,1.0000001,0.3228042,0.41760385,0.37552395,0.60558283,0.16587591,0.12901865,0.14370163
43,0.14173034,0.049670108,0.08217194,0.13887432,0.17875965,0.11285698,0.05695351,0.19467802,0.030461365,0.020497385,0.057992045,0.09907875,0.28044876,0.26703382,0.22358087,0.08160277,0.13757601,0.31604856,0.20293643,0.22433239,0.08274848,0.17173254,0.07339457,0.09897633,0.11529068,0.05108892,0.04554008,0.15345286,0.1844147,0.11818564,0.19007027,0.080697134,0.13362917,0.1206093,0.164488,0.08255154,0.12040264,0.05388198,0.80905807,0.54887915,0.67714113,0.36238897,0.3228042,0.9999999,0.3133041,0.58933544,0.58023363,0.10290077,0.05336931,0.025528643
44,0.025005069,0.04186207,0.05032116,0.023760434,0.069877826,0.02014263,0.028299144,0.059037298,0.005444422,0.040346093,0.100108296,0.06762134,0.1154217,0.05496355,0.11981512,0.2695498,0.25413322,0.26152202,0.21161497,0.3385224,0.2253824,0.3338279,0.23850435,0.094378725,0.01641811,-0.0067611,0.0612597,0.11641687,0.136927,0.11353365,0.08314617,0.055076186,0.07738429,0.04927388,0.08327247,0.068085246,0.07072326,0.0070343027,0.2945251,0.43567848,0.41625297,0.45931923,0.41760385,0.3133041,1.0000001,0.57659084,0.33853808,0.06337161,0.09377919,0.030002655
45,0.05778456,0.056691416,0.07006209,0.07200724,0.11939117,0.07289316,0.053010624,0.07379936,0.052010898,0.081723094,0.07761491,0.14773077,0.40243247,0.08263829,0.13366735,0.1885083,0.1657182,0.23588318,0.23960917,0.30339244,0.17874536,0.25812665,0.16561475,0.091120966,0.08180158,0.043302726,0.056486707,0.08466986,0.098836236,0.102978915,0.07343392,0.099617854,0.096635915,0.061528478,0.106538124,0.1123625,0.007498585,-0.02081727,0.57057416,0.6431608,0.7804281,0.46248996,0.37552395,0.58933544,0.57659084,0.9999999,0.6807575,0.019023973,0.08689776,0.011168746
46,0.04178802,0.103341125,0.04727205,0.11614899,0.15399626,0.098107725,0.092219815,0.14243688,0.09209752,0.08705921,0.043686163,0.12964003,0.37138134,0.09401094,0.121129885,0.15647464,0.1424294,0.2070864,0.18883738,0.2393102,0.16212218,0.21354766,0.1399738,0.10698951,0.14764474,0.0833973,0.05292795,0.12753505,0.11087754,0.086427815,0.107196026,0.11535808,0.11012199,0.10759874,0.13047671,0.11817133,0.053563625,0.008726465,0.55486095,0.61709684,0.754173,0.3940785,0.60558283,0.58023363,0.33853808,0.6807575,0.99999976,0.06163108,0.03635375,0.06325765
47,0.04305609,0.018427286,0.042647704,0.21731146,0.11932134,0.18254526,0.08402669,0.11550182,0.11806438,0.1884499,0.13931951,0.13428283,0.15762801,0.14993274,0.13886045,0.091862865,0.06900804,0.15365721,0.10799874,0.050255734,0.09565247,0.09355882,0.18137747,0.24361412,0.079769716,0.08815797,0.08213208,0.18509296,0.23073196,0.18121292,0.11589372,0.086791106,0.08390409,0.08069144,0.15927126,0.09326878,0.08232603,0.051581617,0.14849746,0.1542027,0.050861184,0.08259634,0.16587591,0.10290077,0.06337161,0.019023973,0.06163108,1.0,0.43045422,0.46023372
48,0.09046532,0.048889913,0.035686877,0.12453804,0.14229606,0.102602504,0.10960311,0.09107648,0.12016604,0.15031606,0.14062713,0.19483218,0.19569428,0.14640503,0.18390363,0.041692093,0.036729213,0.098395266,0.18444607,0.074756205,0.05444356,0.06417675,0.050210334,0.124877684,0.099784456,0.11565984,0.042491212,0.15315007,0.15590096,0.318702,0.09044172,0.085214406,0.077203035,0.09192227,0.14038287,0.04675564,0.041864112,0.076986335,0.07911696,0.13159548,0.05033709,0.16279674,0.12901865,0.05336931,0.09377919,0.08689776,0.03635375,0.43045422,1.0,0.4598476
49,0.016701054,0.12148897,0.028912812,0.064755246,0.11880018,0.07642775,0.098417744,0.050130814,0.08996231,0.07644525,0.1242432,0.13701461,0.111905985,0.06618631,0.12366463,0.035137817,0.055107705,0.06219008,0.070334814,0.04780748,0.05706084,0.061300907,0.03280949,0.049808998,0.016832137,0.044622358,0.06678831,0.06299015,0.1038415,0.05879703,0.09963865,0.09421738,0.09482844,0.045608915,0.12808076,0.047111273,0.05577876,0.06020287,0.025004974,0.08305225,0.00915233,0.092361376,0.14370163,0.025528643,0.030002655,0.011168746,0.06325765,0.46023372,0.4598476,1.0000001
